1.726807
3.115057
0.5655158
0.1178609
0.5057675
0.220485
0.1872891
0.1777167
0.0980798
1.840692
0.9529966
1.476944
2.572903
2.558913
1.385698
1.221675
0.7034242
0.4116095
0.2315936
0.236744
0.07840875
0.3494925
0.6244881
1.401638
0.8240878
0.214028
2.066271
4.234946
5.875301
12.07044
17.89573
21.92498
15.50375
20.22048
16.48525
10.12051
4.560204
2.289791
1.82784
2.264814
0.9526612
0.9704595
0.6151151
0.153133
0.6596008
0.9566507
0.4793867
1.725703
1.206724
0.7527564
0.5273044
0.00233483
1.749419
0.3418045
0.5403087
1.122159
0.68175
2.988771
6.686048
7.290514
10.99264
11.4425
10.38683
12.76497
5.109671
2.18497
1.206423
1.102379
0.6823905
0.5677948
0.2862229
0.3280733
0.4618115
0.3914661
0.3069858
1.338608
3.703661
4.24499
1.549278
1.060699
1.327459
1.821289
2.32282
1.034157
1.135999
0.1572977
0.2305117
0.7606314
1.082296
1.208952
2.894477
2.096716
3.516998
5.473679
2.74019
6.556313
1.675858
1.436192
3.534994
5.470767
4.450446
1.895136
1.110142
1.26587
0.9751749
1.268967
0.3532172
2.023989
9.86903
6.923449
4.814377
3.161819
2.887768
2.051527
1.171897
1.509925
1.602548
0.9648518
0.8707121
1.321564
1.749939
1.998965
1.91104
3.865783
4.948573
13.57542
1.813703
4.947613
3.579201
3.415338
1.119129
0.2761769
0.3743549
0.3853766
0.4501044
0.5393341
0.9334067
1.251555
0.4661829
0.2911431
0.05714139
2.001237
0.1639108
0.07410044
0.8851993
1.028418
0.1819376
